00000000010000110000100000100000
00000000010000110000100000100010
00100000010000010000000001100100
00000000010000110000100000100001
00000000010000110000100000100011
00100100010000010000000001100100
01110000010000110000100000000010
00000000010000110000000000011000
00000000010000110000000000011001
00000000010000110000000000011010
00000000010000110000100000100100
00000000010000110000100000100101
00110000010000010000000001100100
00000000010000010000100000100101
00000000000000010010100100000000
00000000000000010001001010000010
10001100001000100000000000001010
10101100001000100000000001100100
00111100000000100000000001100100
00000000000000000001000000010000
00000000000000000000100000010010
00010000010100010000000000000000
00010100010000010000000001100100
00000000011000010001000000100000
10011100010101001110111111101110
00001000000100000000000000000001
00000000000000000000000000001000
00001100000100000000000000010101
